"Status","Start Time","Stop Time","Duration in ms","Parent Suite","Suite","Sub Suite","Test Class","Test Method","Name","Description"
"passed","Mon Sep 30 17:07:16 GMT 2024","Mon Sep 30 17:07:16 GMT 2024","4","","","","","","sample test",""
